r =       3.00000
A =      56.54867
